Superblock:
fsmagic	0xf0f03410nblocks:	100nbmapblocksinodes:	1ninodeblocks:	2ninodes:	18nbmapblocksdata:	1ndatablocks:	94startInArea:	2startDtBmap:	5startDtArea:	6mounted:	1Bmap for i-nodes:
Bmap for data blocks:
1 0 0 0 0 0 0 0 0 0 0 0 0 0 0 0
0 0 0 0 0 0 0 0 0 0 0 0 0 0 0 0
0 0 0 0 0 0 0 0 0 0 0 0 0 0 0 0
0 0 0 0 0 0 0 0 0 0 0 0 0 0 0 0
0 0 0 0 0 0 0 0 0 0 0 0 0 0 0 0
0 0 0 0 0 0 0 0 0 0 0 0 0 0 0 0
0 0 0 0 0 0 0 0 0 0 0 0 0 0 0 0
0 0 0 0 0 0 0 0 0 0 0 0 0 0 0 0
0 0 0 0 0 0 0 0 0 0 0 0 0 0 0 0
0 0 0 0 0 0 0 0 0 0 0 0 0 0 0 0
0 0 0 0 0 0 0 0 0 0 0 0 0 0 0 0
0 0 0 0 0 0 0 0 0 0 0 0 0 0 0 0
0 0 0 0 0 0 0 0 0 0 0 0 0 0 0 0
0 0 0 0 0 0 0 0 0 0 0 0 0 0 0 0
0 0 0 0 0 0 0 0 0 0 0 0 0 0 0 0
0 0 0 0 0 0 0 0 0 0 0 0 0 0 0 0
0 0 0 0 0 0 0 0 0 0 0 0 0 0 0 0
0 0 0 0 0 0 0 0 0 0 0 0 0 0 0 0
0 0 0 0 0 0 0 0 0 0 0 0 0 0 0 0
0 0 0 0 0 0 0 0 0 0 0 0 0 0 0 0
0 0 0 0 0 0 0 0 0 0 0 0 0 0 0 0
0 0 0 0 0 0 0 0 0 0 0 0 0 0 0 0
0 0 0 0 0 0 0 0 0 0 0 0 0 0 0 0
0 0 0 0 0 0 0 0 0 0 0 0 0 0 0 0
0 0 0 0 0 0 0 0 0 0 0 0 0 0 0 0
0 0 0 0 0 0 0 0 0 0 0 0 0 0 0 0
0 0 0 0 0 0 0 0 0 0 0 0 0 0 0 0
0 0 0 0 0 0 0 0 0 0 0 0 0 0 0 0
0 0 0 0 0 0 0 0 0 0 0 0 0 0 0 0
0 0 0 0 0 0 0 0 0 0 0 0 0 0 0 0
0 0 0 0 0 0 0 0 0 0 0 0 0 0 0 0
0 0 0 0 0 0 0 0 0 0 0 0 0 0 0 0
224 244 35 7 253 127 0 0 0 46 214 203 237 1 76 205
64 31 79 20 182 85 0 0 82 129 174 149 207 127 0 0
232 244 35 7 253 127 0 0 115 127 174 149 2 0 0 0
217 17 79 20 182 85 0 0 0 0 0 0 12 0 0 0
0 0 0 0 0 0 0 0 180 105 81 61 145 247 116 85
224 16 79 20 182 85 0 0 0 0 0 0 0 0 0 0
0 0 0 0 0 0 0 0 0 0 0 0 0 0 0 0
180 105 209 235 72 209 226 1 180 105 223 1 82 244 135 1
0 0 0 0 0 0 0 0 0 0 0 0 0 0 0 0
0 0 0 0 0 0 0 0 2 0 0 0 0 0 0 0
232 244 35 7 253 127 0 0 0 245 35 7 253 127 0 0
160 193 226 149 207 127 0 0 0 0 0 0 0 0 0 0
0 0 0 0 0 0 0 0 224 16 79 20 182 85 0 0
224 244 35 7 253 127 0 0 0 0 0 0 0 0 0 0
0 0 0 0 0 0 0 0 14 17 79 20 182 85 0 0
216 244 35 7 253 127 0 0 28 0 0 0 0 0 0 0
2 0 0 0 0 0 0 0 182 250 35 7 253 127 0 0
192 250 35 7 253 127 0 0 0 0 0 0 0 0 0 0
218 250 35 7 253 127 0 0 233 250 35 7 253 127 0 0
9 251 35 7 253 127 0 0 27 251 35 7 253 127 0 0
47 251 35 7 253 127 0 0 55 251 35 7 253 127 0 0
98 251 35 7 253 127 0 0 117 251 35 7 253 127 0 0
138 251 35 7 253 127 0 0 170 251 35 7 253 127 0 0
185 251 35 7 253 127 0 0 230 251 35 7 253 127 0 0
253 251 35 7 253 127 0 0 20 252 35 7 253 127 0 0
47 252 35 7 253 127 0 0 68 252 35 7 253 127 0 0
109 252 35 7 253 127 0 0 135 252 35 7 253 127 0 0
148 252 35 7 253 127 0 0 163 252 35 7 253 127 0 0
183 252 35 7 253 127 0 0 209 252 35 7 253 127 0 0
233 252 35 7 253 127 0 0 249 252 35 7 253 127 0 0
4 253 35 7 253 127 0 0 27 253 35 7 253 127 0 0
50 253 35 7 253 127 0 0 65 253 35 7 253 127 0 0
101 253 35 7 253 127 0 0 121 253 35 7 253 127 0 0
132 253 35 7 253 127 0 0 140 253 35 7 253 127 0 0
151 253 35 7 253 127 0 0 162 253 35 7 253 127 0 0
179 253 35 7 253 127 0 0 210 253 35 7 253 127 0 0
240 253 35 7 253 127 0 0 253 253 35 7 253 127 0 0
126 254 35 7 253 127 0 0 38 255 35 7 253 127 0 0
78 255 35 7 253 127 0 0 92 255 35 7 253 127 0 0
146 255 35 7 253 127 0 0 182 255 35 7 253 127 0 0
226 255 35 7 253 127 0 0 0 0 0 0 0 0 0 0
33 0 0 0 0 0 0 0 0 112 58 7 253 127 0 0
16 0 0 0 0 0 0 0 255 251 235 191 0 0 0 0
6 0 0 0 0 0 0 0 0 16 0 0 0 0 0 0
17 0 0 0 0 0 0 0 100 0 0 0 0 0 0 0
3 0 0 0 0 0 0 0 64 0 79 20 182 85 0 0
4 0 0 0 0 0 0 0 56 0 0 0 0 0 0 0
5 0 0 0 0 0 0 0 11 0 0 0 0 0 0 0
7 0 0 0 0 0 0 0 0 224 223 149 207 127 0 0
8 0 0 0 0 0 0 0 0 0 0 0 0 0 0 0
9 0 0 0 0 0 0 0 224 16 79 20 182 85 0 0
11 0 0 0 0 0 0 0 232 3 0 0 0 0 0 0
12 0 0 0 0 0 0 0 232 3 0 0 0 0 0 0
13 0 0 0 0 0 0 0 232 3 0 0 0 0 0 0
14 0 0 0 0 0 0 0 232 3 0 0 0 0 0 0
23 0 0 0 0 0 0 0 0 0 0 0 0 0 0 0
25 0 0 0 0 0 0 0 185 247 35 7 253 127 0 0
26 0 0 0 0 0 0 0 2 0 0 0 0 0 0 0
31 0 0 0 0 0 0 0 238 255 35 7 253 127 0 0
15 0 0 0 0 0 0 0 201 247 35 7 253 127 0 0
0 0 0 0 0 0 0 0 0 0 0 0 0 0 0 0
0 0 0 0 0 0 0 0 0 107 46 214 203 237 1 76
205 232 129 135 111 12 127 218 180 120 56 54 95 54 52 0
0 0 0 0 0 0 0 0 0 0 0 0 0 0 0 0
0 0 0 0 0 0 0 0 0 0 0 0 0 0 0 0
0 0 0 0 0 0 0 0 0 0 0 0 0 0 0 0
0 0 0 0 0 0 0 0 0 0 0 0 0 0 0 0
0 0 0 0 0 0 0 0 0 0 0 0 0 0 0 0
0 0 0 0 0 0 0 0 0 0 0 0 0 0 0 0
0 0 0 0 0 0 0 0 0 0 0 0 0 0 0 0
0 0 0 0 0 0 0 0 0 0 0 0 0 0 0 0
0 0 0 0 0 0 0 0 0 0 0 0 0 0 0 0
0 0 0 0 0 0 0 0 0 0 0 0 0 0 0 0
0 0 0 0 0 0 0 0 0 0 0 0 0 0 0 0
0 0 0 0 0 0 0 0 0 0 0 0 0 0 0 0
0 0 0 0 0 0 0 0 0 0 0 0 0 0 0 0
0 0 0 0 0 0 0 0 0 0 0 0 0 0 0 0
0 0 0 0 0 0 0 0 0 0 0 0 0 0 0 0
0 0 0 0 0 0 0 0 0 0 0 0 0 0 0 0
0 0 0 0 0 0 0 0 0 0 0 0 0 0 0 0
0 0 0 0 0 0 0 0 0 0 0 0 0 0 0 0
0 0 0 0 0 0 0 0 0 0 0 0 0 0 0 0
0 0 0 0 0 0 0 0 0 0 0 0 0 0 0 0
0 0 0 0 0 0 0 0 0 0 0 0 0 0 0 0
0 0 0 0 0 0 0 0 0 0 0 0 0 0 0 0
0 0 0 0 0 0 0 0 0 0 0 0 0 0 0 0
0 0 0 0 0 0 0 0 0 0 0 0 0 0 0 0
0 0 0 0 0 0 0 0 0 0 0 0 0 0 0 0
0 0 0 0 0 0 0 0 0 0 0 0 0 0 0 0
0 0 0 0 0 0 0 0 0 0 0 0 0 0 0 0
0 0 0 0 0 0 0 0 0 0 0 0 0 0 0 0
0 0 0 0 0 0 0 0 0 0 0 0 0 0 0 0
0 0 0 0 0 0 0 0 0 0 0 0 0 0 0 0
0 0 0 0 0 0 0 0 0 0 0 0 0 0 0 0
0 0 0 0 0 0 0 0 0 0 0 0 0 0 0 0
0 0 0 0 0 0 0 0 0 0 0 0 0 0 0 0
0 0 0 0 0 0 0 0 0 0 0 0 0 0 0 0
0 0 0 0 0 0 0 0 0 0 0 0 0 0 0 0
0 0 0 0 0 0 0 0 0 0 0 0 0 0 0 0
0 0 0 0 0 0 0 0 0 0 0 0 0 0 0 0
0 0 0 0 0 0 0 0 0 0 0 0 0 0 0 0
0 0 0 0 0 0 0 0 0 0 0 0 0 0 0 0
0 0 0 0 0 0 0 0 0 0 0 0 0 0 0 0
0 0 0 0 0 0 0 0 0 0 0 0 0 0 0 0
0 0 0 0 0 0 0 0 0 0 0 0 0 0 0 0
0 0 0 0 0 0 0 0 0 0 0 0 0 0 0 0
0 0 0 0 0 0 0 0 0 0 0 0 0 0 0 0
0 0 0 0 0 0 0 0 0 0 0 0 0 0 0 0
0 0 0 0 0 0 0 0 0 0 0 0 0 0 0 0
0 0 0 0 0 0 46 47 100 117 109 112 66 70 83 0
46 46 47 100 97 116 97 47 100 105 115 107 48 46 49 70
46 53 49 50 66 46 65 43 66 0 83 72 69 76 76 61
47 98 105 110 47 122 115 104 0 76 83 67 79 76 79 82
83 61 71 120 102 120 99 120 100 120 98 120 101 103 101 100
97 98 97 103 97 99 97 100 0 87 73 78 68 79 87 73
68 61 55 51 52 48 48 51 50 50 0 67 79 76 79 82
84 69 82 77 61 116 114 117 101 99 111 108 111 114 0 76
69 83 83 61 45 82 0 73 51 83 79 67 75 61 47 114
117 110 47 117 115 101 114 47 49 48 48 48 47 105 51 47
105 112 99 45 115 111 99 107 101 116 46 50 52 53 54 51
56 0 68 69 83 75 84 79 80 95 83 69 83 83 73 79
78 61 105 51 0 69 68 73 84 79 82 61 47 117 115 114
47 98 105 110 47 110 97 110 111 0 71 84 75 95 77 79
68 85 76 69 83 61 99 97 110 98 101 114 114 97 45 103
116 107 45 109 111 100 117 108 101 0 88 68 71 95 83 69
65 84 61 115 101 97 116 48 0 80 87 68 61 47 104 111
109 101 47 97 110 116 111 110 105 111 110 100 117 97 114 116
101 47 71 105 116 47 102 105 108 101 45 115 121 115 116 101
109 47 115 114 99 0 88 68 71 95 83 69 83 83 73 79
78 95 68 69 83 75 84 79 80 61 105 51 0 76 79 71
78 65 77 69 61 97 110 116 111 110 105 111 110 100 117 97
114 116 101 0 81 84 95 81 80 65 95 80 76 65 84 70
79 82 77 84 72 69 77 69 61 103 110 111 109 101 0 88
68 71 95 83 69 83 83 73 79 78 95 84 89 80 69 61
120 49 49 0 88 65 85 84 72 79 82 73 84 89 61 47
114 117 110 47 117 115 101 114 47 49 48 48 48 47 103 100
109 47 88 97 117 116 104 111 114 105 116 121 0 81 84 95
83 84 89 76 69 95 79 86 69 82 82 73 68 69 61 107
118 97 110 116 117 109 0 87 73 78 68 79 87 80 65 84
72 61 50 0 77 79 84 68 95 83 72 79 87 78 61 112
97 109 0 71 68 77 95 76 65 78 71 61 101 110 95 85
83 46 117 116 102 56 0 72 79 77 69 61 47 104 111 109
101 47 97 110 116 111 110 105 111 110 100 117 97 114 116 101
0 85 83 69 82 78 65 77 69 61 97 110 116 111 110 105
111 110 100 117 97 114 116 101 0 76 65 78 71 61 101 110
95 85 83 46 117 116 102 56 0 76 83 95 67 79 76 79
82 83 61 0 88 68 71 95 67 85 82 82 69 78 84 95
68 69 83 75 84 79 80 61 105 51 0 88 68 71 95 83
69 83 83 73 79 78 95 67 76 65 83 83 61 117 115 101
114 0 84 69 82 77 61 97 108 97 99 114 105 116 116 121
0 90 83 72 61 47 104 111 109 101 47 97 110 116 111 110
105 111 110 100 117 97 114 116 101 47 46 111 104 45 109 121
45 122 115 104 0 85 83 69 82 61 97 110 116 111 110 105
111 110 100 117 97 114 116 101 0 68 73 83 80 76 65 89
61 58 49 0 83 72 76 86 76 61 50 0 80 65 71 69
82 61 108 101 115 115 0 88 68 71 95 86 84 78 82 61
50 0 88 68 71 95 83 69 83 83 73 79 78 95 73 68
61 55 0 88 68 71 95 82 85 78 84 73 77 69 95 68
73 82 61 47 114 117 110 47 117 115 101 114 47 49 48 48
48 0 81 84 95 65 85 84 79 95 83 67 82 69 69 78
95 83 67 65 76 69 95 70 65 67 84 79 82 61 49 0
76 67 95 67 79 76 76 65 84 69 61 67 0 88 68 71
95 68 65 84 65 95 68 